431002198811165045
431003197802013826
431003198306125321
431021199804294520
43102219831007284X
431022198506292844
431022198604184580
431022198611252860
431022198706261663
431022198902283165
431022199304034921
431023198705174206
431023199104274820



43102319980726424X



431024197302280022



431024197410200624



43102419790604002X



431024198011110028



431024198110170624



43102419820119332X



431024198204293641



431024198206093029



431024198210230065



431024198211194246



431002197512211027



43100219801015002X



431002198811165045


43100319841111064X


431003199312306529







431003199312306529







431021198707144526






431021199106134888









431021199804294520






43102219831007284X






431022198506292844






431022198604184580






431022198611252860






431022198808032263







431022198902283165






431022199106131667







431022199304034921






431022199602020026






431022199602020026







431022199809150047






431022200210221668






431022200210221668







431023198209284529






431023198302125442







431023198811223120







431023199104274820







431024197006180625







431024197302280022






43102419790604002X






431024197908244827






431024198011110028






43102419820119332X







431024198203271221






431024198204063627







431024198204063627






431024198204293641





431024198303123621







431024198310023047







431024198311254525







431024198312083027






431024198312100325






431024198411111521






431024198411161844







431024198512081528






431024198607163649






431024198610172124




431024198610201247






431024198707174521






431002197512211027






431002197512211027



431002198007035629






43100219801015002X






431002198811165045






431002198811165045






431003197802013826






431003197802013826






43100319820225062X












431003198306125321






43100319841111064X






431003199312306529






431003199312306529






431003199312306529






431021198707144526






431021199106134888












43102219831007284X






43102219831007284X






43102219831007284X






431022198506292844






431022198604184580






431022198604184580






431022198706261663












431022198808032263






431022198902283165






431022199106131667






431022199211094562






431022199602020026






431022200210250725






431023198109264520












431023198302125442





432801197111091026




43282319790819512X


431024198802294222






431024198610172124




431021199106134888






431022199106131667






431023199104274820






431024198610172124






431024198909174263






432801197610152065












432826197111153327




431022199106131667





431024198909174263






432826197111153327





431002197512211027



431002198007035629









43100219801015002X



43100319820225062X



43100319841111064X



431021198511053083



431022190210221661



431022198808032263



431022199106131667



431022199602020026



431022199809150047



431023198109264520



431023198302115420









431023198612085140



431023198705174206



431023198811223120



431024190011220060



431024197305220025



431024197803160029



431024197908244827



431024198108254220



43102419811014002X



431024198204063627



431024198210013626









431024198210133345



431024198303123621



431024198305142121



431024198312083027



431024198403180324



431024198411111521



431024198610172124



431024198610201247



431024198802294222



431024198807013645



431024198811012725









431024198902014582



431024198909174263



431024199001082769



431024199104053020



431024199109104544



43102419911002332X



431024199208014827



431024199302011243



431024199401243023



431024199408223623



431024199610121823









431024200005160328



431024200011220067



431025198908246428



43102519891124444X



431022200210221668



431021199106134888







431023198109264520







431023198811223120













43102419790604002X







43102419820119332X







431024198303123621







431024200011220067







431027198311280925







432823197403045820













432823197708095124







432826197111153327







432826197611184824



431024198802294222

43100219801015002X







431002198811165045







431002198811165045







431003197802013826







431003197802013826













43100319820225062X







431003198306125321







431003199312306529







431021199106134888







43102219831007284X







43102219831007284X













43102219831007284X







431022198506292844







431022198604184580







431022198604184580







431022198706261663







431022198902283165













431022199211094562







431023198811223120







431023198811223120







431023199104274820







431024197305220025







431024197803160029













43102419790604002X







43102419790604002X







43102419790604002X







43102419790604002X







431024197908244827







431024197908244827













431024198203271221







431024198206093029







431024198211194246







431024198305142121







431024198305142121







431024198312100325













431024198403180324







431024198403180324







431024198403180324







431024198403180324







431024198410113648







431024198411111521













431024198411111521







431024198411111521







431024198607083649







431024198610172124







431024198610172124







431024198610201247













431002197512211027






431002198811165045






431022199602020026






431023198811223120






43102419820119332X






431024198303123621






431024198310023047












431024198802294222






431024198811012725






431024199001082769






431024199302011243






431025198408067626






431025200507066821






431027198311280925












431081198207170820






432823197403045820






43282319790819512X






432826196303203021






432826196304083623






432826196405260641






43282619691014334X












432826197109094823






431021199106134888



431022200210250725





431023198109264520



